=== Banker's algorithm input values ===
algorithm = Safety
m = 10
n = 10
work = [10,10,10,10,10,10,10,10,10,9]
alloc = [
0,0,0,0,0,0,0,0,0,0
0,0,0,0,0,0,0,0,0,0
0,0,0,0,0,0,0,0,0,0
0,0,0,0,0,0,0,0,0,0
0,0,0,0,0,0,0,0,0,0
0,0,0,0,0,0,0,0,0,0
0,0,0,0,0,0,0,0,0,0
0,0,0,0,0,0,0,0,0,0
0,0,0,0,0,0,0,0,0,0
0,0,0,0,0,0,0,0,0,0
]
max = [
10,10,10,10,10,10,10,10,10,10
10,10,10,10,10,10,10,10,10,10
10,10,10,10,10,10,10,10,10,10
10,10,10,10,10,10,10,10,10,10
10,10,10,10,10,10,10,10,10,10
10,10,10,10,10,10,10,10,10,10
10,10,10,10,10,10,10,10,10,10
10,10,10,10,10,10,10,10,10,10
10,10,10,10,10,10,10,10,10,10
10,10,10,10,10,10,10,10,10,10
]
need = [
10,10,10,10,10,10,10,10,10,10
10,10,10,10,10,10,10,10,10,10
10,10,10,10,10,10,10,10,10,10
10,10,10,10,10,10,10,10,10,10
10,10,10,10,10,10,10,10,10,10
10,10,10,10,10,10,10,10,10,10
10,10,10,10,10,10,10,10,10,10
10,10,10,10,10,10,10,10,10,10
10,10,10,10,10,10,10,10,10,10
10,10,10,10,10,10,10,10,10,10
]
finish = [0,0,0,0,0,0,0,0,0,0]
=== Banker's algorithm execution ===
=== Step 0 ===
work = [10,10,10,10,10,10,10,10,10,9]
finish = [0,0,0,0,0,0,0,0,0,0]
=== Banker's algorithm result ===
The system is not safe
seq = []
